1.5353610768997958
1.5298055213442403
1.5245277435664626
1.5195277435664627
1.5148055213442404
1.510361076899796
1.5061944102331293
1.5023055213442404
1.4986944102331294
1.495361076899796
1.4923055213442404
1.4895277435664627
1.4870277435664627
1.4848055213442406
1.482861076899796
1.4811944102331294
1.4798055213442405
1.4786944102331294
1.4778610768997962
1.4773055213442405
1.4770277435664627
1.4770277435664627
1.4773055213442405
1.4778610768997962
1.4786944102331294
1.4798055213442405
1.4811944102331294
1.482861076899796
1.4848055213442406
1.4870277435664627