1.5241633983088363
1.5191633983088362
1.5144364954424827
1.5099826905390383
1.505801984400579
1.5018943778028853
1.4982598714963056
1.4948984662065876
1.4918101626356892
1.4889949614625515
1.486452863343859
1.4841838689147682
1.4821879787896097
1.4804651935625788
1.4790155138083876
1.477838940082906
1.4769354729237838
1.4763051128510418
1.4759478603676515
1.4758637159600982
1.4760526800989175
1.4765147532392184
1.4772499358211881
1.4782582282705845
1.4795396309992097
1.4810941444053587
1.4829217688742757
1.485022504778572
1.4873963524786438
1.4900433123230716